403 PLINM

(100(1110110111, (1111 11110 ’111 0111110(11 10111100111101001 0111-,1.
110111,00111κ111111111010111111011110111101 01111111 3-311
11111010101011011,01111)10(0111)1-,111111111’1,11101Ρ,·
1011110 1111101110 0101001 1(1(1111 (11111111 0010111011 11111,
ῃ111171,,111110111111101, 1011111100111011111110111
(101101111111111111111011 17093 01. 1101111 111111111110111.
(110011111111111111 1F11011111 P1011 01111110-1111101111111,

11110111 11111 11010111 1101 111111111 31 101111111111011,
1111100111 (111(01110 111 111 11111111 1111111 11111131‘
(11001111101010 1101101111 1111118111111 1111110101 111-1111,
1110111110101011111110111101111101111111111( (1111111111 8,(
1)(101111((11100(1111 ’,11110111 ,1111001110(1)111 1)01111111111110-
(111(11111111167111 (111011111111110110111111111111011111
10111111100111101100101μο1 11011(111((11111ἰ111(1,

ς1,111011(01101· 0(0.011111.801110<,101’,1110 01101101111111111111111
1111111111 01111111111011111111)(1011111111 Γ 1. 111111 1111

1110111111110111( (11111111 1’ ’11) 11111’ 111 1111111111 31 (1101110111
(11111111111111111011101110111, 111111111111001101)
100111101111101·1111(011101111111011101111110110 1110111110110

111 Τ, 1, p. 207

F 11111111 131111 (11111111111111111111,11111111
011111101Ε111110111 ”·1111,1111111’1 1110 1111110 11111111
111110 110111110111111010 1111 (0((11111110111111011111111, 111111
800,11’1.111111111111 31111111 1110111,(11 (1101· 5100111 1111
Α1101111 1111111 1110100011( 11110111000111111 01111111, (1011011011-
111·1(1011011. 11· 13131311111 ,31 11 111001111110111111111
11(,10111101101111111101000111111111(111 11111111
31111111131M11F0111111111111111170113111121 11118110
11101110 1 1111111111· ·0(101-,111(11111 1111101111111101 11011011, 113
11010110011111001·(111111111111111010111’0111100111001001
1111111101((11111001111111001100111110111’1111111111110(
0111 [0110111111 1110111 1110111111 1111111011, (11111111 1101.
110111111(01’11101011111001111110111111111111υ0111111110,
1000101100(11111011111101101111110111111,1111011111

US) 11111111.

 

