1011111101, 111110011ΧΠΒ 243

111111118011111,111Β101111111 1111111111 Orbis ex Prisciani
11111 111111, 111111111111111111 511555511115268 CumMe
1111111161811011Ὀυι1111111,Ο111111111101η11
1111111111 1011010111 1) 1111111110 Paris. 1536. 8. etcum Floro
101111116011011111101111011111, 5b515. 1557 f. Wmti
11111111101111 in 8011111111, necdum 111111111111111111, MS500
11111111110111110111111111111111111011111111
1110111011. p 111 110111111111101111 8011110 1111111 1554 4
555 MS. Lipfii 55555111511 5000 1111111111 1111111111 111-118.
01555515 D15150 ,110111 111 115 555 5551055g155 1111101011
555 Β1.1111)11”111111 5171555 101111011101110111110
(1111111111110111111 51055551151557 101101111111111 11111011, 111111-
0111118111111111. 1111111011 1111111 8111111011118011111111
11111 1111111011 55 0115055 111 110111 11111 11111Ξ111011Β101111011111
111111, 111111111111111011011111,1001101101111111, 10 055-
11111111111101 10111111,110011101111110 (1111111111101
101111111111111111,101. 81111101111101111111111110 1. 1577. 8.
11011111 0111111 80111111 05: 1111110111 castigatione. Lugd.
55515555. 12. 555555 1111111101111001111. 1011110801,
11111[106111111011111111111100111111188,11111111
1111111111 1,1 1111101111 8111 55 50 (1111111111 5555 11111111
111,110111111116101116011111Ρ11111162112 11101111
1111101111(111111111111111Γ111 L5'15151511511l110 111 1111111001-
1111111 011111 1555055515 MSS (1011110111 051551515 01111111000811.
111111 111111 1113111111, 111[11111001110111111111111 11111111 111111111-
1111111111111011110111101111011111111111100111101111
0055· 110 001111 MS C51050155515150pe555555.q150 (5101g1'1‘
1111111111011111110111111001 Deniq00S055 .
1111100111080110101111101110,011111111011111111101
1110111111111111111111111 1621111012 V0511m 1111111111.

Q dat ius

s) 11100801101111111101 11111111 111 Grotius 111 1111111111 5551 7.
(3111111110111111111111111111101110111111 131111110111Τ111111111111111111Ηί1.
1111111. 0111111111 1111111111 11οε1 1111111111 1⁸15 111 ns 1689

(11111111 1111101 115531511115 1111111 5155· 11115, 01111111 pag 185.
10 8111111111 011111111111111111111. 3111111111111111 1111111 111111 11111111·

11111111111111 fr11g5s 011111 vo 1101111 11110 1101111 31111111 153 111
p. 5 .

 

