111 1110111111. 1111111111. 39

(1911111111101008191111111111101.1.3.11111110111.1081(
111111111119Ρ11 111111011111119111111-
9111111 1111110111 110 1111,11 1111111901;11111,1111111
11101111111111111,1911181 0911111091 RRCJ'¹
1101111111, 11111111 10811111 11111111 011 R11RR141 011111
3911101411)Μο 11111191902-911,11111111111191111
11111101. 11111· 111111 11111111110110111011111111101110
141111111111191111111111111101111111111

111 110111101901110110110111111111493 fol.v
111818110111111109111101111111·Οο11111111111111111111
1111111111 8111011111, 111091190111111 111111, 11111111110111
11116111111111111111011111111111 T11411RR RRRO
11111111114311101911111101111111111111111111111111111.
1011811111111ΨΒ1111111 11011149 101. 911011
111110111111111111111111111, 411497R <³111
1199011111111111111. 111111111911,19·16..4 Rene 111111111-
1110111111110311911] 41E911411 1'0411141R11 0111941
111101111911119134,·1111111800811110111111111
11111199 9911 111119111111111110111111111111101
111118881011110111111111111 1911011111111181111111111
811111110111111111110111011111111111-11 0011111111111101-11
9111111911111191111111111111110111.101111 191411
1910111111 Ι11111011 1111111101 111111 ,11111-
1911011119οε 011κΕ11111111 1114 1119011101111111 1101
1111101949101 11111111 1411 11111010111101 1111111 ,11111 10-
(11111111, 11910911111111111011111 0111111110111
111111101101 (11111111119111 G04R 1111 91111111911111011-
111191101011111111111191110011933 1111111001011001
11111180101111111 191111 1111910 111110181191111
993 3. 19111111011111111111801111111. 11111 1919101
1111111191 1019101111 01111110 81111111 114R
1991, 3 Τ19111 11140 3811101119413111011911111111940
1110101111111119941 11,,191’1111010.11 101111 11111 1111111

1111111111111111111911111911 191111011111111111911111111111910
C 4 ’ ’ 110111·

 

