¹ ,260 4444444444444

dignit 44444, 444 4444 44444444 ft121Y 4444 444 4 4444 4 int 1g2111111 ’1111-
4444444444 44444444444444444 4444444444 444444 444444 4 444 444
4444 111 ag1111 444444 44444444 4444444444 444 444 4 444. 112111112211u 44.
4444444 44444444 44444444 4444 4444444444 211 44 1·.11 44444 44444 4444444
444 444 44 4444444444 4444 44, 4444444 4444 44444 44 44444444· ,4,
1 4444444444444444.· 44444 44444444444π444444 4444 444444 4444444444
4444444444 4444 4444 44444444 4 44444444 444 444444 444 4444444 44444444, 4,,
444444 4444444444 4444444444, 4444 444444 4444 44444 44444444 404.
4444444444 4444444 44, 4444444444 4444444444 4444444444 44444 44 44444444
4444444444 444 44444 44 444 44, 4444 44 [44444 444444 444444 1121)
1111111111121111211 Nam 4444444444 ’44444444 4444444444
444 444444 44, 44444444 4444 44444 4444 4444444444 44444 444 444444
144444 44444444444444 444 ²²²7''²“¹‘l‚ffl⁶²²d²'d¹²m⁷'²² ,44 4444444444
4·44444444444, 44444444444444444444, 44444444 4444444444 4444444444 444444
4444444 44444444, 4444444444 4444, 4444444444 4444444444 4444444.
4444444444444444444444444 44444444444444444 11121 4444444 44
sordidatus, 4444 444444444444 44444444 4444444· 4444444444 44444
4444444444 germae 4444444444 44444444444ῐι44μ444444444444-
444 444444 44444444 444444 4·4444444444 ’4444444 444444444 111 44
4444444. V122 4444 1111111111 1221211¹1122J1M1Z 4444444 4444
4444444444, 444 44 ab 11 44444444 4444 444444 1212112111·‚· 444 444444
44 44444444444444 444444 4444 444444444444444 4444, 4444 44444444·
44444444144444444444444444 4444444444, 4444444 4444444 444444·
444444 4444444444 4444444444, 4444444 44444444444444 44444444
4444444444444444, 4444444 44444 4 444 44444444 4444 44444 4444, 44444
q 4444444444444444444 1111 4444444444. 5211 444444 44444444
4444444444 4444444444 44444 4444 44 444444 4444 444, 444 44444444
Terent 4444444444, 44444 44444444 44444444 4444 4 444444 444, 4444
Ι 44444444 44444444, 44 444444 4444 Co 444 4444444444, 4444
44444 44 44444444 44444444 44444 4444,44444 44444 4444444 444444-
4444 4444 Est 4 444444 11 0111ster1111n S G 4444 4444444444
hanc millia 4444444444 XX. 44444444 4444444444 44444444 ’444-
4444444, 44 4444444 44444444444444444444 4444444444, 44444444
4444-

4) 144 avitam 44444444, addit mabillon.

 

