16611111111111111011111111111101111

[11111111111111116. Crispinus Alexandrinus
Attium Serranus, pauper 111, 11.

P0'e'70 1181100011111111000111111,111111,
11111011 011111111101111171 8011111111 Τ1111111 1111111111

1101 1 1
11111111111111111111111110,11111111111110111111111111111111111101,

63. 1110111111
11111111111111,11 1111111111 111101111111111 36
001111111111111110111110111- Ι)10,1111·1 10110111110111 1113

11111161111-011101111111, [11111011111111111

337. 1111110 0111111 11111111 1111101111.
01111111011111111. 81101111, 50
0111111 1111111111 1111111111110 111111011111111110101100010]

011011 1111111110, 11111110- 11111101111111111111111, 01110,

11101111, quentin 1110111 subiecit
01110111111111111111010111111 Χ, 1111, 1111,

XVV, 111, 1110111110111511110111 11110.
01110011 1111111111 110. 110001111111111 VVVV⁷,309.
0111011101 011-1100111011 97.

1101111241 1111110111 11111 11111111
Ε11111111111111 131111010- 111111 111111111110111
111111- 1111111 8011011111Ε1111011111111111101 11,(11
0111111111111, 6111111111 1111010011 11101111.

Cicero 7726 72 77 1101111111011111

91.11.107,,11,1131 1,7 1110111111111111111 171

171111111,111001111111- Η111011111111 Stoicus 111110-

11111111, 111. 111Ε111110111 10111101, 1,,1111111 8111111 ’

1111111111οε V 1,1 199, 111111

111111111101011111011111111Η111111111Ρ11111111Ῑ 6
’ Χ,111,1011”1·11011011111.Χ, 11110111111101111111101111

3611110111111131. 1111199

11111011Χ1,71,111101131101110111111 ,6011311111

11111111 1100111111 11111110 11111111 1110111111 1111111111

11101.111101111101011111011111
011111011111. 1111 1111001Χ VH9

1109111-

 

