011 R 11110. LibJI. 615281181. 7 313

7313113110 01101113101001111010 111 1111111 0101001111εο 0111111
71331 1131η 1110101 101111010110017110000111711010-
3133333111,13111111111110011111111177111133311313

311110010111111 111 011011111011111111111111,111111
70101111 1711 0011011110 101101 11111111· 10111131
70101ζ 0³11111111 1110111 1111111 1111· 11111111110111111111317211,
711170111111111111130111011«·’0111,11011Τ11001101·160-
111110111011710111111101011101111111110011111111111
Γ[11111010111131111 01101, 11111οΧ01111111111111111,10111111·

111111111011111111111111101111111703331111111111
1170111101101111110110011111111111111011, 00101100110110
(3131111100111001011110070111 11011111111111110-

1111111011011001 ,1001111101 1111 (1010101171101110110 spe
1101011011111111701071111100111111111 11011111,111711
3101111. 01011011111111 11101111171110111110111 011111-
1111 11111111 01111111111111111011111 11011010001110111111
1111111101 0011010111Τ137171 10711110111010110111011111
1111131111111111311131111011111011011110111110110710011110111011
111, 1111101177110111111110110111 01011111111131111111071 10111011
1100111110 1 ’13101 001110111101111110011 1111
101 1011 111 ’.131111 111 ’10 UO8188] ’11101111 111171101110101111111110111111110
11011111 0111 01110 0110011101110111 011110010100110
’1101111 0111 11 17 0731, 311, 8011101 1111110110εᾶ0 Curtii 8811
1000110011 1010111 1151181 1110 11111110 01 1111111011111010101111111
111,13111011170111011111111111101111111011111111100111111111111Τ,4.
31,1711,1·111101111111110101 Ε17ῖ711001117101100070
11111101111110111888101117 0110101 0101100
111111,11’0 101111 011111 17110010111100111111 0970110 1011110 0770000·
001111,111110’11110,1111070 0170011101010-
70001711 11111 1100177 1.10111111 111111 1111181'8111·

1111010711οα 1118 7170 071711, 71001 0011100001 11100110

0107771101ίο (1 1111110 1011Ρο1100101 1.1'10181

0071111, ,111 1110011111 1110111111111 1111111131 0111 1100111-
1

1011111131 11·, 7111·011,11011”111111·1;,1 1110101111 1717101111

3111711171111171 70110000110111001071700
1’1

 

