166 11116111 11111111,

8,, 1110111111 1,11 1111Υ 1161611611101611161111111 11161111,
1611111161111611118611661, 611 11111111111111 1111111 1111111 1111
111111111111111111.11111111111116111111111111111116111,
1111166111’111166111111111161111,111661111111111111111
(1111116 61, quae 6111 111111111111 1616116111, 1116 ····· f1111 161111
Α11σ111611111111111 11118 141'4111'2 1111116111111611 11111111
’ 616111861661611111611111111 1116611111111, 111111, 4
Ρ1161111116116111 6111111161 1111611, 1116111111Τ 6111111111 111111
typograph 1661 p. 770.

9.- Daf 111111111111111111Ρ11111111 11111 1161116161,
11111116Ρ1111116111116111111661611111111111111111, 81111
116111111611111111111186111111111161111111151111116111111(
111111111111111 1111111111111, vigentibus 1111 1111111111 1111111111
111 13111166111111116110111116116661 11 11116511 ese
1111111111 1111166111, 18. 11611161 161111111111 1. 11118, 1, 6111.

(1611111111 16 .

10 1111111111111111111116111111111111-11111.
tum. ’ Liber 16111611111111111, 11111111111111 af 81111616
616611661161111116111111811111161 11111111111111161 111

. 11161111611116111611111111111111111611111 1111111161 11161
1111661, 6111616161161111111611111111111 811 16.

1116111111 61116116161161 101111neC111fa110 1116 T 161111,

Β61161116111161.11,,1ς11611.1111111166111111111111111111
1161161111861166111111611111161111111111116111111111161111111
61111 Ε11111611111111.

11 11111111111111611111111111111111111, 1111111611 1111
166611111611611111116

11, 11111111111111111111711.11111116111111111611111116191,16111

161116166111161, 611111111611116131 1. 1616111111
6111 6111111111111161111111111, 1611111611) 1161111 ''·

11616116111111111 Vide 11111110'11 16111, , 36-
6661811118 1111611616 1111611 6611611111 [11111

8111111116111118111111111111111166111111
11161166166111111111111 1111661 116111 81111111171111111111

16111,

 

