450 A M p E 1 1 v s. Liml. Cap.XXIII.

Δ, 11611111161111611011Ι ς1110190110
1111111 1161 111110117110111111191661111011110061,11111171161111111.
111116111111661161111161111,111111111111,11”711>.

1616 106031111016111611161111111111611171161110111111611
111111 1116111111,1111111,11111117107167111011111111111 11671611( 61111711
111111111111111116611111101 1600111110611116611110111111
’1361111111113111161111111160111161111111111171011111161101116
167916711161161167612.110112111111110710,001710-
1162,1001108111111(’0111111190111106 11, 1111111
1111611111111711 6111111171 8711 1111111111 7711
11,,’.7 66101 7667)Ε71111,61 66111011 ,71111111111111161 11111111
ΧΧ11111,17,6111110110; 1110111111 0101071177 111711119111110,
81111111, 1111111111, 1111110 91111111111110, Α107111110111,
10011111 80110,ί“1111101111111711110 611111
9111711111 11111911111110, 1611111111 1111116 111 1111119111
11111111111Τ711641611 Νο11161116116,11
101, 9111711111 611117711111101616 (7111111 11011110-
101611611161101116611 11011171,

 

