64 1 4 46 N 4 s. 11111211141111. 177³

crepundiis Silianis 111 edit· 446446 Can 4444434648 4646. 12'.
4 47463646 04444646 4644444 644 64444446 6444 4464444 44 64446444446
6646460444646 444444 44646464644 64444, progressu. 4444444446,
44444444 4644646 4444444444, 4444444444 46444, 64664646
,346446 4644446 44444, 04666 44444, [4 4446444444 4446 ex
,0446 64446 46 444 44444 644 ’34446 446-44444446 C 444 stop 64444
Ce1e1'1118'1‘111111111d13i1e1tg1'0 66644 1101011c111ct15⁷
tabulis Gor 6444 4444444446 4444644444 4464444644 4444444444 6646466464
“ “ s 4466444444· 6446686446644604444
4646444446· 444646 4444444444 44446446, 4444646
469,- ¹2. inquo 644744644644444 ff 4,,46444644464464-
4464444648444444444 0464466444 4446 η’46444444464444446
44664444 m117 6444744344,46 044646, 4744644466, 444-
644446, 4444444446, etiam 8446 impendit, 4444664 44
444 4444444 44, 44844 Codice 444464 4446, 4444 ’44444 44644464 4464 46 4446
44444 44446444, 6444444644444644 6644644444 4464466, 4444 4444 BNNNo-v
4446 Nema 4744 4 64444 4444444644 44444444, 444444 444446 hunc*
4766444444 4444644448 4464666444, 444446 44 066444 MS
0464Ι 4444464444 466 4464444463 4444444444 44 beneficio 4464464444-
4644 46 Am 444446 dmm 66444444 4446 44644444 64
444644 484444 6644466664 64444444 Τ44 {effi 444 4444644,
7447 4. 444 (4444,Δ Ρ6644644644444 466644466444644446’ 4444, sub*
46 4444444 4664444444 44444446 044 64 444446 111 44444444 ob·
4644446464, 84664 tBarh't1111e1111N111‘q11'e 644444 44644
46464446 8446464464 4444 [4364444464 (366444464444 4444 66
444644 44644 4444464464 64446 4444 44, 466 7 4466 44464, 4464446
44464,- qm 444 44444 'is Β4444464446644 644444 444, 464644 46464
44444644 64444464, 444 44 44 4444444 444 8474446 444664 Regis
CNN 4444 4444444 4, 444 4444664664 4444444444446,4 ¹ 4444444 4468444446-
444664. Em. 0446464444 04464646 6644 4444 44 ere* ’64 4464444,
44404- 44636 4448844 8464464446646 8644 444464 oriae 44444644 4,
pro 844 446, 84444 MS. 44644 644 4446446444, 84444 4464 fi‘m
4444 44 444 (44466444 844 mn 644444 66444 446 4444444 444, 44444
444 Bibliothecae 6444644466 Cat 44636 4664446444 444 6644 44444
47644644 44 449, 464· ἡ . ..
4444444444 4444, M 4444446

 

