1111111111. mmmmm 51

1111111111 ι .
vel 11 1111111111)
1111111111 111.

111111111111111111111111111101.

Imm 11117111111111 stmo [1111111111.

11111111111111111111111111111111111111
111111111111111,111 11111181111171111 coll·
1111,μ111,1111ο111’111111111111111111111111111
1111 1111111111 11111111111111111111111111111111,
ο1111111111111111111111,11111111111 11111111111111
1111111111 11111111,111111111111111111111, 111111

1111111111111111,1111111111111111111111111111
fmt 1111111111111111 111111 111111 1111111 1111111111 1111111

111111111111111111 11111111 1111111,111111,11
1111111111111111111111111111111111,11ο11111111111111-
11111 1111111111 1111. 8111111111 1111111111 1111111111-

lma 11111111111111111 111111
11111 11111111 11111111, 11111 11”’1111) clm 1111111111
11 ammas 11111111111111111 111111
1111111111 11111111· 1111,111111111111111 11111111
C am'ls‘l'mmplm

81111111111111111111111111111 11111111111110
111111 11111111111111111111111111,11111
fimp 11111111111111111 1111111 1111 1111111011
1111111111111111111111111 11111111111111 1.0 11111111111111,111
1111111111111-’11111111111111111 edepit 1111111111
sunt, quaeaCbspmi 111110 111 imum (quo nomme ipsxdl

Dm 111

1111111111111111111111111111115 m 111 1101111111. ,71.
1111111161111111111111111 11111111111111111111

 

