393 ³³01T1

11133101111011011001011111 1010 11101101 110 11 111111111 11 111111
000131111100111110111,110110”“
1638166138. Τ1111011110111111111
01 1110111111 0001001011 01011111, 01 0131
11101 01111111100111101 11 0101

111-,1131111010 0101011, 1011113οΙ
0010010111 1110 0111111101 0310011111 ³
111010 101. 1. 61 0110111111 ,0011111
13111111 6101011113011111111111, 1011110111
100101100111010111 01113111011
1011101031 1000010110 1113101111, 30101101010010101 111111,

600001111011310111168112 3113131οῑ 1..
111111 01011131 1111 310111111111111 101 101,
110112.111110111010010110111,111010111111111 111111
1110101080 103111100101110111110111101101011111113
1111101011111111,1131.1111111111111111111111111
11110011 0111100010011111001111101 11101011 11111301 111113 1111
’0113111011010011111100311101,1101011001011.1101010011
01100311113111111111011110111111131111111111111111111111
11110610 010111011111110101 011 11101111111 110310
111101101οε 0111110131101111113301 ³

³³³³ Gronovius 110101113301111110 011111 011011110111011
111101 011111 0103111 01010 01111100 0011111111,01101111110
Tacitum 1013110111. 80000111 11110, 13111111 031111· 1101-10
0111000110011101 11130011 1101 00110 110101310110101
111011011111011111, 1111111101 0111011 101011111111111111 1111-

1111013110111-101111 131· 1111111111, Pi
01111100, 01η11111111111111, 110 0011011111.
6101111111, 101103111110010111111610011, 0110.
-1111]”.·010101’Ῐ101111.00111Α11111, 1113110011011111,.Β111-
1101111, 61111,]1111111111111])13101111, 61101111,
mmmmm, 111111111131111113111311111,
8111111,51011·11’,11311 0111111111, 1111111.)

0101000100. 01110100111111111010111101601111110011-
10111111

 

