368 1110111 1011. 111 101101. 1111111111. 1110017114

(111111111111017707191, Τ111111111111171,,11440294
01010119113111111179 110 416 117144 .4

Rufus, 1111001109111110111 119161177’,419
10171111401111111111. Τ11111111111 1111111111 1111010111
1111111111,1111110111111111911

8111191111 p. 24. 45, 464,

81111111113111111) 11111911 11111111 ,1311111111136Ι
1011011130, ’1111991111 1110111101 et

8111111 11111101, T44 911111 1111111111Ι 4444 1511·Ῑίῗί

1011111111111111110 Ἐ11111110111111111191110.
111110 101111111111111110111110

Σχ11111111711111111 XIV 456. X 69
Ρ111101111ἐ711μο1179. Τ111111’111111.197
8111110111109. [1111111011 79 0,
8111111119116. 71111111 111 §4444 I, 71,
Sibyllini 111711 IV, 61. 8101101 1111110111· frater
8111111110111111111111, 811111- 1110.
1111110. V04'4ll414 [1111111110 01111111
801111111ΧΙΠ,186.11111111 1111112
611111 911191 01111711 [[1191111117100. 11. 1119
44, 27- 42- 44· 37, 34- 41- 11. 11.
Solon X, 274. XIV, 328. 44. 44. 54. 56. 176071.
Sostratus, 4044, 1711 ,111- 440. 84. 44. 46. 9996107.
11111191111111111111171111 1011. 444. 444. 445. 117118,
Χ1178. 110, 117. 119. 137139,
811111 Τ1111111111711187119. 144. 445. 449. 452. 153.
Stoici XV, 108. 450, 117. 1111. 167, 444.
8111171111 VI, 536. 171. 1711 44444i 1010111
00111Τ11111111719169 1111191111111111,117
111191111111111110011101111 211111 011111 1101101101

1111111111 II, 99 XV, 10 07 109

4m4

 

