1010011 11001111

44 ¹

6008610060161161. Cum 0111111 11111 I 1011111111 4 'Vice15
11111161401110061600. 1482112101 4161111 1000601 44³44M054
010611061016101,61 6111611010081487 ,10 1. 4611601011 4
1061101 6111161,861116160161161160011101( 11111444,
1006111 1110111801111 1111, 6010011 11111111 01401114
11811660016000060000116061. 11487, 444. 01106104
4160111001111011011116010, 6161011 101 (0000, 1144,
deinde 10041101,οτ 01188 144, 1444, 1447. .1.·00 1464
15050 101 600601606011111 61111111,
1161110100. 1108, 4540 6101010110 ”’Βῂ 1
’ 100110111010161416100001110111111111141011111
4111111 1100101111111111111110111,01001 10 1100111111,
06016011(11111111111101111110111111101111111111111111
1111111 Ρ101101160100111611011010 (01111 444.
1601,Βο(11161011160661081011020161161(14·,,8.1,·44
1646147410111061110661016106161101011104
61041 Aldum4502 1604611408 6τ 041. ,1110110010 4 45444
11411611141400011111011110-,10000011, ¹517· (0018616
1101111 011104. apud Lazarum 861016110101(.(4.10 6111 0006
0101100061101110,1160006110110611601161001 161616
0011166 1111010 00110 114101010161111146011114118
1011115178, apud 6011006001. lix 1661111111 1101161610
8161601 16061- 1534· 8. 61 cum praefatione 10011 ,11100111
011 8610001010 Georgium, (401 Venetae 416111116161114111
cum 116το111101, conferre 10110011, 041011 100010 14448,
11611661). 1118. 8. apud 81611010. 1110400006 14488
1161111140 8 et 611666011006811111. 0111011 00401
cum 61060006, 1606114441464 3 44 4605 4 441444
postremam editionem C44444ss. 16010010 ,41144444
cum 66166081188111100 secretae 10111 H. 10υο
⁶¹54 egavltstfflssed'enfi, 111160110001016411011
1661866863 1545 106011οτ01060011186110106011116 1
111Tfl0115 066000110066111110161440 1444444844,
, 444454447 et 6010 1100111611. 66016618] 844144
1011100116 1001161010, 11114444 5 ,444444 4 444, 4

ω,

 

